1
3
5
6
7
8
9
11
13
17
18
19
20
23
24
25
26
30
31
33
34
36
38
39
42
45
47
48
49
50
53
55
59
60
61
62
63
64
65
66
75
76
77
78
79
81
82
83
85
86
87
90
91
92
94
96
97
98
99
101
105
106
109
110
111
112
114
115
117
119
122
123
126
128
130
131
132
133
134
136
139
143
144
145
147
149
150
152
154
155
156
157
158
159
162
165
166
167
168
171
173
174
175
176
178
179
180
183
185
186
189
192
193
195
196
197
199
200
201
207
208
209
210
211
212
213
214
215
216
217
218
219
221
222
224
225
227
228
229
230
232
234
235
236
238
239
243
244
245
246
247
248
249
250
251
253
254
255
258
259
260
262
263
265
267
269
271
273
277
282
283
285
286
288
290
292
293
294
296
302
305
307
308
309
310
311
312
314
315
318
384
385
386
391
394
398
399
402
407
412
421
465
466
467
472
473
474
476
477
478
479
480
481
482
483
484
486
487
488
490
491
496
502
503
504
506
507
508
509
510
511
512
513
514
515
516
517
518
519
521
522
523
524
525
526
527
528
529
530
531
532
533
534
535
536
537
538
539
540
541
542
543
544
545
546
548
549
550
551
552
553
554
555
556
557
558
559
560
562
563
564
565
566
567
568
579
600
635
648
649
650
652
653
657
658
678
700
720
722
724
725
726
728
734
736
745
749
772
774
841
842
843
846
847
902
903
921
928
929
930
931
932
933
934
943
945
1075
1076
1108
1109
1141
1174
